500.5	499.939	498.26	495.472	491.59	486.634	480.631	473.613	465.617	456.686	446.866	436.208	424.769	412.606	399.782	386.363	372.414	358.005	343.208	328.092	312.729	297.193	281.553	265.88	250.243	234.709	219.342	204.206	189.358	174.855	160.749	147.088	133.916	121.273	109.194	97.7104	86.847	76.6254	67.0619	58.1681	49.9509	42.4125	35.5508	29.3593	23.8273	18.9403	14.6802	11.0254	7.95126	5.43025	3.43243	1.9257	0.876111	0.248244	0.00553371	0.110616	0.525661	1.2127	2.13395	3.25211	4.53066	5.93415	7.42841	8.98083	10.5606	12.1387	13.6885	15.1853	16.6071	17.9339	19.1487	20.2368	21.186	21.9867	22.6318	23.1168	23.4393	23.5992	23.5987	23.4418	23.1345	22.6845	22.1007	21.3937	20.575	19.6571	18.6534	17.5777	16.444	15.2669	14.0606	12.8394	11.617	10.4069	9.22166	8.07328	6.97279	5.93025	4.95467	4.05389	3.23458	2.50219	1.86091	1.31367	0.86217	0.506877	0.247081	0.0809381	0.00553311	0.0169527	0.110368	0.280125	0.519841	0.822509	1.1806	1.58619	2.03105	2.50675	3.00481	3.51676	
499.939	499.379	497.702	494.916	491.037	486.086	480.088	473.076	465.088	456.165	446.353	435.706	424.277	412.125	399.314	385.906	371.971	357.576	342.792	327.69	312.343	296.821	281.197	265.539	249.918	234.4	219.049	203.928	189.096	174.609	160.518	146.872	133.715	121.086	109.021	97.5508	86.7007	76.4918	66.9406	58.0585	49.8525	42.3248	35.4732	29.2912	23.7682	18.8896	14.6373	10.9897	7.9222	5.40727	3.41499	1.91325	0.868125	0.244213	0.00496963	0.113051	0.530648	1.21982	2.1428	3.26232	4.54189	5.94607	7.44073	8.9933	10.5729	12.1508	13.7001	15.1963	16.6172	17.9432	19.157	20.244	21.1921	21.9916	22.6357	23.1195	23.4408	23.5997	23.5982	23.4403	23.1322	22.6813	22.0967	21.3891	20.5698	19.6515	18.6474	17.5713	16.4374	15.2602	14.0539	12.8327	11.6104	10.4004	9.21545	8.06735	6.9672	5.92504	4.94987	4.04954	3.2307	2.49879	1.858	1.31125	0.860231	0.505414	0.246079	0.0803774	0.00538932	0.017198	0.110971	0.281052	0.521057	0.823977	1.18229	1.58805	2.03304	2.50884	3.00695	3.51893	
498.26	497.702	496.029	493.251	489.382	484.444	478.463	471.47	463.503	454.604	444.82	434.201	422.804	410.686	397.91	384.54	370.644	356.289	341.548	326.489	311.186	295.71	280.131	264.52	248.946	233.474	218.171	203.097	188.311	173.87	159.825	146.224	133.111	120.525	108.503	97.0732	86.2626	76.0919	66.5774	57.7305	49.5581	42.0623	35.241	29.0876	23.5914	18.7379	14.509	10.883	7.83542	5.33871	3.36298	1.87617	0.844407	0.23233	0.00345644	0.120505	0.545734	1.24127	2.16943	3.29301	4.57561	5.98187	7.47773	9.03071	10.6101	12.187	13.7347	15.229	16.6475	17.9708	19.1817	20.2655	21.2102	22.0064	22.6471	23.1275	23.4455	23.6012	23.5966	23.4359	23.125	22.6716	22.0849	21.3752	20.5542	19.6345	18.6292	17.5522	16.4177	15.2401	14.0336	12.8125	11.5905	10.3811	9.19681	8.04958	6.95045	5.90943	4.93551	4.03651	3.21907	2.4886	1.84927	1.30399	0.854431	0.501041	0.243087	0.0787074	0.00496914	0.0179443	0.112791	0.283845	0.524715	0.828388	1.18733	1.59362	2.03901	2.5151	3.01339	3.52543	
495.472	494.916	493.251	490.485	486.634	481.718	475.764	468.802	460.872	452.013	442.273	431.703	420.358	408.296	395.579	382.271	368.44	354.153	339.481	324.495	309.266	293.864	278.362	262.828	247.332	231.939	216.713	201.717	187.009	172.645	158.676	145.149	132.109	119.596	107.643	96.281	85.5361	75.4288	65.9753	57.1868	49.0702	41.6275	34.8564	28.7504	23.2987	18.4869	14.2968	10.7067	7.69211	5.22562	3.27735	1.8153	0.805682	0.213221	0.00152864	0.133428	0.571291	1.27736	2.21408	3.34437	4.63196	6.04162	7.53944	9.09306	10.6719	12.2472	13.7925	15.2834	16.698	18.0167	19.2226	20.3012	21.2404	22.031	22.6659	23.1407	23.4532	23.6035	23.5938	23.4283	23.113	22.6555	22.065	21.3521	20.5282	19.6061	18.5988	17.5203	16.3848	15.2065	13.9998	12.7789	11.5575	10.3489	9.16577	8.02	6.92256	5.88346	4.91162	4.01484	3.19973	2.47166	1.83477	1.29194	0.844809	0.493796	0.238143	0.0759641	0.00430616	0.0192223	0.115855	0.288526	0.530834	0.835759	1.19577	1.60292	2.04898	2.52554	3.02413	3.53627	
491.59	491.037	489.382	486.634	482.807	477.922	472.005	465.088	457.207	448.405	438.727	428.225	416.952	404.968	392.334	379.113	365.372	351.18	336.605	321.719	306.592	291.296	275.9	260.474	245.086	229.801	214.685	199.798	185.198	170.941	157.077	143.655	130.717	118.303	106.447	95.18	84.5266	74.5075	65.1389	56.4318	48.3928	41.0239	34.3228	28.2828	22.8931	18.1393	14.003	10.4629	7.49424	5.06975	3.15964	1.73201	0.753145	0.187918	6.80653e-05	0.152564	0.607934	1.32859	2.27713	3.41668	4.71113	6.12545	7.62592	9.18034	10.7583	12.3313	13.8731	15.3593	16.7683	18.0807	19.2797	20.3508	21.2823	22.065	22.692	23.1589	23.4637	23.6065	23.5897	23.4175	23.0959	22.6326	22.037	21.3195	20.4917	19.5662	18.5562	17.4757	16.3387	15.1595	13.9525	12.7318	11.5112	10.3038	9.12238	7.97866	6.8836	5.84718	4.87826	3.9846	3.17275	2.44805	1.81458	1.27517	0.831437	0.483747	0.23131	0.0722076	0.0034562	0.0210834	0.120209	0.295137	0.539452	0.846121	1.2076	1.61596	2.06295	2.54018	3.03916	3.55146	
486.634	486.086	484.444	481.718	477.922	473.076	467.208	460.347	452.53	443.8	434.201	423.785	412.606	400.721	388.192	375.082	361.457	347.385	332.936	318.178	303.182	288.019	272.759	257.471	242.221	227.076	212.099	197.351	182.889	168.768	155.039	141.75	128.942	116.656	104.925	93.778	83.2413	73.335	64.0747	55.4714	47.5315	40.2569	33.6451	27.6892	22.3786	17.6987	13.6312	10.1546	7.24451	4.87353	3.01202	1.62818	0.688447	0.157847	0.000290495	0.178934	0.656505	1.39563	2.35912	3.51034	4.81341	6.23354	7.73723	9.29256	10.8693	12.4393	13.9764	15.4565	16.8583	18.1625	19.3525	20.4141	21.3357	22.1082	22.725	23.1818	23.4767	23.6099	23.5839	23.4031	23.0735	22.6029	22.0007	21.2773	20.4445	19.5147	18.5013	17.4181	16.2793	15.099	13.8917	12.6714	11.4517	10.246	9.06669	7.92562	6.83365	5.80068	4.83553	3.94589	3.13824	2.41787	1.78879	1.25379	0.81441	0.470987	0.222678	0.0675216	0.00249714	0.0235989	0.125919	0.303737	0.550618	0.859518	1.22289	1.63277	2.08095	2.55902	3.0585	3.57098	
480.631	480.088	478.463	475.764	472.005	467.208	461.397	454.604	446.866	438.222	428.72	418.409	407.343	395.579	383.178	370.202	356.718	342.792	328.493	313.891	299.054	284.054	268.959	253.837	238.755	223.779	208.971	194.391	180.096	166.141	152.576	139.448	126.798	114.666	103.085	92.085	81.6899	71.9201	62.7911	54.3135	46.4936	39.3331	32.8293	26.9753	21.7604	17.1698	13.1854	9.78578	6.94638	4.64004	2.8372	1.5062	0.613673	0.124805	0.00372717	0.213823	0.718065	1.47933	2.46072	3.62585	4.93914	6.36608	7.87348	9.42969	11.0048	12.5709	14.1021	15.5748	16.9676	18.2617	19.4406	20.4906	21.4	22.1601	22.7645	23.2089	23.4917	23.6133	23.5762	23.3849	23.0456	22.5661	21.9559	21.2254	20.3865	19.4516	18.434	17.3477	16.2066	15.0251	13.8174	12.5975	11.3791	10.1754	8.99878	7.86098	6.77281	5.74408	4.78355	3.89883	3.09632	2.38124	1.75753	1.22791	0.793852	0.455636	0.21236	0.0620134	0.00152859	0.0268602	0.133066	0.314397	0.564396	0.876002	1.24165	1.6534	2.10301	2.58208	3.08216	3.59483	
473.613	473.076	471.47	468.802	465.088	460.347	454.604	447.891	440.244	431.703	422.314	412.125	401.192	389.569	377.317	364.499	351.18	337.425	323.303	308.883	294.233	279.422	264.52	249.594	234.709	219.93	205.319	190.936	176.838	163.077	149.703	136.763	124.299	112.347	100.943	90.1132	79.8836	70.2735	61.2979	52.9673	45.2876	38.2604	31.8827	26.1478	21.0445	16.5583	12.6709	9.36092	6.60396	4.37294	2.63843	1.36895	0.531311	0.0909363	0.0122014	0.258759	0.793868	1.58071	2.5827	3.76378	5.0887	6.5233	8.03473	9.59168	11.1646	12.7259	14.25	15.7136	17.0957	18.3778	19.5437	20.5797	21.4748	22.2203	22.8099	23.2398	23.5084	23.6163	23.5661	23.3625	23.0117	22.5219	21.9022	21.1635	20.3174	19.3765	18.3542	17.2642	16.1206	14.9376	13.7296	12.5103	11.2935	10.0922	8.91875	7.78485	6.7012	5.67752	4.72247	3.84357	3.04715	2.33832	1.72096	1.19769	0.769917	0.437839	0.200496	0.0558133	0.000671589	0.030978	0.14175	0.327206	0.580863	0.89564	1.26396	1.67787	2.12915	2.60938	3.11014	3.62303	
465.617	465.088	463.503	460.872	457.207	452.53	446.866	440.244	432.701	424.277	415.016	404.968	394.185	382.724	370.644	358.005	344.874	331.315	317.395	303.182	288.745	274.152	259.47	244.766	230.106	215.552	201.167	187.009	173.134	159.595	146.44	133.715	121.461	109.715	98.5112	87.8767	77.8357	68.4075	59.6067	51.4435	43.9235	37.048	30.814	25.2144	20.2382	15.8706	12.0934	8.88536	6.22203	4.07649	2.41948	1.21971	0.444222	0.0586998	0.0278006	0.315486	0.885343	1.7009	2.72594	3.92477	5.26254	6.70546	8.22107	9.77848	11.3485	12.904	14.4196	15.8726	17.2423	18.5103	19.661	20.6811	21.5595	22.2881	22.8608	23.2739	23.5261	23.6183	23.5531	23.3354	22.9716	22.4698	21.8395	21.0913	20.2371	19.2894	18.2617	17.1675	16.0211	14.8367	13.6282	12.4098	11.1949	9.99639	8.82672	7.69738	6.61898	5.60115	4.65246	3.7803	2.99092	2.28932	1.67927	1.16332	0.742781	0.41777	0.187248	0.0490745	6.80652e-05	0.0360823	0.152089	0.342268	0.600108	0.918506	1.28987	1.70625	2.1594	2.64095	3.14246	3.65556	
456.686	456.165	454.604	452.013	448.405	443.8	438.222	431.703	424.277	415.983	406.867	396.976	386.363	375.082	363.193	350.756	337.835	324.495	310.801	296.821	282.623	268.272	253.837	239.383	224.974	210.673	196.54	182.633	169.008	155.716	142.806	130.321	118.303	106.788	95.808	85.3914	75.5611	66.3361	57.7305	49.7542	42.4125	35.7064	29.6327	24.1841	19.3494	15.1141	11.4597	8.36508	5.80592	3.75544	2.18453	1.06216	0.355599	0.0308352	0.0528442	0.385935	0.994065	1.84116	2.89139	4.10951	5.46109	6.91277	8.43256	9.98997	11.5563	13.1047	14.6105	16.0512	17.4065	18.6586	19.792	20.7938	21.6534	22.3628	22.9163	23.3105	23.5443	23.6187	23.5367	23.3032	22.9247	22.4096	21.7672	21.0086	20.1453	19.1901	18.1563	17.0577	15.9082	14.7221	13.5134	12.296	11.0833	9.88816	8.72283	7.59871	6.52632	5.51518	4.57371	3.70923	2.92783	2.23443	1.63267	1.12501	0.712652	0.395624	0.172803	0.0419723	0.000119655	0.0423211	0.164215	0.359701	0.622234	0.944687	1.31946	1.73857	2.19382	2.6768	3.17912	3.69242	
446.866	446.353	444.82	442.273	438.727	434.201	428.72	422.314	415.016	406.867	397.91	388.192	377.765	366.684	355.006	342.792	330.103	317.004	303.56	289.836	275.9	261.817	247.654	233.474	219.342	205.319	191.465	177.836	164.486	151.466	138.825	126.605	114.846	103.585	92.8517	82.6747	73.0763	64.0747	55.6838	47.913	40.7671	34.247	28.3493	23.0664	18.3872	14.2968	10.777	7.80663	5.36151	3.41499	1.9382	0.900314	0.268924	0.0103226	0.0898472	0.472192	1.12173	2.00281	3.08007	4.31872	5.68481	7.14548	8.6692	10.226	11.7876	13.3278	14.8222	16.2488	17.5878	18.8218	19.9358	20.9171	21.7557	22.4437	22.9758	23.349	23.5623	23.617	23.5163	23.2652	22.8706	22.3407	21.6852	20.9149	20.0417	19.0783	18.038	16.9344	15.7818	14.594	13.3852	12.1691	10.9589	9.76762	8.60723	7.48904	6.42344	5.41982	4.48648	3.63059	2.85814	2.1739	1.58141	1.083	0.679759	0.371623	0.157373	0.0347037	0.000290493	0.0498605	0.178278	0.379636	0.647354	0.974277	1.35279	1.77491	2.23243	2.71697	3.22014	3.73361	
436.208	435.706	434.201	431.703	428.225	423.785	418.409	412.125	404.968	396.976	388.192	378.663	368.44	357.576	346.128	334.155	321.719	308.883	295.71	282.266	268.615	254.824	240.956	227.076	213.245	199.525	185.973	172.645	159.595	146.872	134.523	122.59	111.113	100.127	89.6627	79.7459	70.3992	61.6402	53.4822	45.9342	39.0008	32.6824	26.9753	21.8719	17.3609	13.4274	10.0532	7.21709	4.8951	3.06076	1.68541	0.738492	0.187918	0.000338699	0.141481	0.576464	1.27011	2.18725	3.29301	4.55312	5.93415	7.40375	8.93096	10.4863	12.0421	13.5726	15.054	16.4647	17.7854	18.9992	20.0916	21.0502	21.8654	22.5299	23.0385	23.3884	23.5792	23.6123	23.4911	23.2209	22.8086	22.2626	21.5928	20.8099	19.926	18.9538	17.9064	16.7978	15.6417	14.4523	13.2435	12.029	10.8219	9.63493	8.4801	7.36856	6.31055	5.31531	4.39101	3.54466	2.78212	2.10802	1.52576	1.03755	0.644361	0.346015	0.141189	0.0274867	0.00149959	0.0588834	0.194442	0.402217	0.675591	1.00738	1.38995	1.81533	2.27528	2.76147	3.26551	3.77912	
424.769	424.277	422.804	420.358	416.952	412.606	407.343	401.192	394.185	386.363	377.765	368.44	358.436	347.805	336.605	324.893	312.729	300.176	287.295	274.152	260.809	247.332	233.783	220.224	206.718	193.323	180.096	167.093	154.365	141.961	129.926	118.303	107.129	96.4391	86.2626	76.6254	67.549	59.0504	51.1425	43.8336	37.128	31.0258	25.523	20.6119	16.2809	12.5152	9.29661	6.60396	4.41342	2.69869	1.43138	0.581231	0.116495	0.00421037	0.210532	0.701039	1.44104	2.39589	3.53126	4.81341	6.20949	7.68774	9.21775	10.7707	12.3193	13.8385	15.3051	16.698	17.9984	19.1899	20.2583	21.1921	21.9817	22.6203	23.1032	23.428	23.5943	23.6039	23.4605	23.1696	22.7382	22.1749	21.4896	20.6933	19.798	18.8163	17.7615	16.6475	15.488	14.297	13.0885	11.8758	10.6722	9.49025	8.34167	7.23753	6.18793	5.20195	4.28759	3.45174	2.70007	2.03707	1.46602	0.988955	0.606742	0.319069	0.124507	0.0205592	0.00372689	0.0695889	0.212883	0.4276	0.707079	1.04411	1.43104	1.85989	2.32243	2.81034	3.31526	3.82894	
412.606	412.125	410.686	408.296	404.968	400.721	395.579	389.569	382.724	375.082	366.684	357.576	347.805	337.425	326.489	315.055	303.182	290.93	278.362	265.539	252.525	239.383	226.173	212.958	199.798	186.75	173.87	161.213	148.828	136.763	125.064	113.77	102.919	92.5445	82.6747	73.335	64.5461	56.3245	48.6823	41.6275	35.1639	29.2912	24.0052	19.298	15.1579	11.57	8.51606	5.97512	3.92345	2.33497	1.18154	0.433244	0.0586998	0.0253652	0.299855	0.848245	1.63638	2.63015	3.79582	5.10025	6.51119	7.9975	9.52939	11.0786	12.6187	14.1249	15.5748	16.9478	18.2257	19.3927	20.435	21.3416	22.1034	22.7141	23.1692	23.4666	23.6065	23.5909	23.4237	23.1105	22.6587	22.0769	21.3752	20.5646	19.6571	18.6655	17.6031	16.4835	15.3205	14.1282	12.9201	11.7098	10.5102	9.33379	8.19216	7.0962	6.05585	5.08002	4.17655	3.35214	2.61232	1.96141	1.40251	0.937538	0.567207	0.291079	0.107605	0.0141787	0.00720893	0.0821911	0.233794	0.455952	0.74196	1.08458	1.47614	1.90865	2.37391	2.86359	3.36938	3.88306	
399.782	399.314	397.91	395.579	392.334	388.192	383.178	377.317	370.644	363.193	355.006	346.128	336.605	326.489	315.834	304.694	293.129	281.197	268.959	256.476	243.809	231.021	218.171	205.319	192.525	179.844	167.331	155.039	143.018	131.312	119.967	109.021	98.5112	88.4691	78.9231	69.8974	61.4118	53.4822	46.1202	39.3331	33.1243	27.4933	22.4354	17.9426	14.003	10.6018	7.72064	5.33871	3.43243	1.97597	0.941467	0.299358	0.0186592	0.0672802	0.412328	1.02041	1.85793	2.89139	4.08766	5.41423	6.8395	8.333	9.8656	11.4097	12.9395	14.4309	15.862	17.2131	18.4663	19.6065	20.6205	21.4976	22.2294	22.8099	23.2351	23.5034	23.615	23.5724	23.3798	23.043	22.5695	21.9681	21.2491	20.4234	19.5033	18.5013	17.4309	16.3057	15.1393	13.9458	12.7385	11.531	10.336	9.16577	8.03183	6.94487	5.91464	4.94987	4.05824	3.24624	2.51924	1.88137	1.33559	0.883642	0.526091	0.262361	0.0907775	0.00862104	0.0121984	0.0969184	0.257377	0.487448	0.780385	1.12892	1.52536	1.96171	2.42977	2.92126	3.42787	3.94144	
386.363	385.906	384.54	382.271	379.113	375.082	370.202	364.499	358.005	350.756	342.792	334.155	324.893	315.055	304.694	293.864	282.623	271.027	259.136	247.01	234.709	222.292	209.82	197.351	184.94	172.645	160.518	148.609	136.969	125.64	114.666	104.086	93.933	84.2397	75.033	66.3361	58.1681	50.5442	43.4752	36.9681	31.0258	25.6471	20.8274	16.5583	12.8278	9.62096	6.91966	4.70303	2.94774	1.62818	0.716808	0.184441	0.000517928	0.133428	0.550804	1.21982	2.10748	3.18091	4.40764	5.75584	7.19459	8.69412	10.226	11.7633	13.2809	14.7556	16.1659	17.4927	18.719	19.8301	20.8134	21.6589	22.3585	22.9067	23.3	23.5371	23.6187	23.5475	23.328	22.9662	22.4698	21.8479	21.1106	20.2693	19.336	18.3234	17.2449	16.1139	14.9444	13.7498	12.5439	11.3396	10.1498	8.98645	7.86098	6.78385	5.76464	4.81187	3.93303	3.13442	2.42121	1.79736	1.26565	0.827637	0.483747	0.233252	0.0743422	0.00417916	0.0189633	0.114012	0.283845	0.522275	0.822509	1.17725	1.57878	2.01912	2.49007	2.98336	3.49074	4.00407	
372.414	371.971	370.644	368.44	365.372	361.457	356.718	351.18	344.874	337.835	330.103	321.719	312.729	303.182	293.129	282.623	271.719	260.474	248.946	237.193	225.273	213.245	201.167	189.096	177.087	165.194	153.468	141.961	130.717	119.781	109.194	98.994	89.2137	79.8836	71.03	62.6753	54.8377	47.5315	40.7671	34.5508	28.8849	23.7682	19.1953	15.1579	11.6438	8.63807	6.12253	4.07649	2.47679	1.2981	0.513217	0.0933445	0.0083819	0.227226	0.718065	1.44867	2.38668	3.4999	4.75652	6.12545	7.57649	9.08059	10.6101	12.1387	13.6422	15.0978	16.4851	17.7854	18.9825	20.0621	21.0125	21.824	22.4893	23.0031	23.3625	23.5666	23.6165	23.5151	23.2672	22.8792	22.359	21.7156	20.9594	20.1018	19.1549	18.1314	17.0447	15.9082	14.7356	13.5405	12.3362	11.1358	9.95179	8.79612	7.67993	6.61351	5.60623	4.66642	3.80133	3.01709	2.31866	1.70979	1.19308	0.769917	0.440553	0.204109	0.0586333	0.00116217	0.0277852	0.133725	0.313421	0.560624	0.868494	1.2297	1.63652	2.08095	2.55483	3.0499	3.55796	4.07092	
358.005	357.576	356.289	354.153	351.18	347.385	342.792	337.425	331.315	324.495	317.004	308.883	300.176	290.93	281.197	271.027	260.474	249.594	238.442	227.076	215.552	203.928	192.259	180.601	169.008	157.532	146.224	135.131	124.299	113.77	103.585	93.778	84.383	75.4288	66.9406	58.9396	51.4435	44.4656	38.0157	32.0995	26.7188	21.8719	17.5534	13.7544	10.4629	7.66365	5.33871	3.46747	2.02698	0.9922	0.336277	0.0308352	0.046258	0.351978	0.91677	1.70903	2.69708	3.8494	5.13493	6.5233	7.98509	9.492	11.0171	12.5351	14.0222	15.4565	16.8184	18.0898	19.2553	20.3012	21.2163	21.9916	22.6203	23.0978	23.4214	23.5907	23.6072	23.4742	23.1967	22.7813	22.2362	21.5705	20.7948	19.9205	18.9597	17.9253	16.8303	15.6884	14.5131	13.3177	12.1157	10.9197	9.74231	8.59509	7.48904	6.43423	5.43983	4.51394	3.6636	2.89471	2.21203	1.6191	1.11832	0.7109	0.396909	0.175309	0.0440024	0.000106015	0.0389583	0.156319	0.346336	0.602694	0.918506	1.28641	1.69867	2.14729	2.62411	3.12091	3.62953	4.14194	
343.208	342.792	341.548	339.481	336.605	332.936	328.493	323.303	317.395	310.801	303.56	295.71	287.295	278.362	268.959	259.136	248.946	238.442	227.679	216.713	205.598	194.391	183.144	171.913	160.749	149.703	138.825	128.16	117.752	107.643	97.8702	88.4691	79.471	70.9035	62.7911	55.1539	48.0087	41.3681	35.241	29.6327	24.5444	19.974	15.9158	12.3608	9.29661	6.70818	4.57755	2.88427	1.6056	0.716808	0.19143	0.00152864	0.117995	0.510826	1.14941	2.00281	3.04003	4.23029	5.5433	6.94945	8.42011	9.9278	11.4464	12.9513	14.4196	15.8303	17.1643	18.4044	19.5358	20.5456	21.4232	22.1601	22.7502	23.1893	23.4752	23.6081	23.5897	23.4237	23.1154	22.6716	22.1007	21.4121	20.6163	19.7249	18.7501	17.7046	16.6016	15.4545	14.2768	13.0817	11.8825	10.6917	9.52164	8.38371	7.28869	6.24644	5.26588	4.3549	3.5203	2.76776	2.1018	1.52576	1.04183	0.651026	0.353233	0.147247	0.0308168	0.00071186	0.0527879	0.182068	0.382827	0.648687	0.972711	1.34751	1.76533	2.21818	2.69793	3.19639	3.70543	4.2171	
328.092	327.69	326.489	324.495	321.719	318.178	313.891	308.883	303.182	296.821	289.836	282.266	274.152	265.539	256.476	247.01	237.193	227.076	216.713	206.158	195.463	184.683	173.87	163.077	152.354	141.75	131.312	121.086	111.113	101.434	92.085	83.0994	74.5075	66.3361	58.6081	51.343	44.5564	38.2604	32.463	27.1688	22.3786	18.09	14.2968	10.9897	8.15653	5.78199	3.84824	2.33497	1.21971	0.478047	0.083907	0.00982611	0.227226	0.706695	1.41826	2.33168	3.41668	4.64325	5.98187	7.40375	8.88109	10.3872	11.8969	13.3862	14.8333	16.2178	17.5213	18.7276	19.8225	20.7938	21.6315	22.3279	22.8773	23.2761	23.5227	23.6175	23.5628	23.3625	23.0222	22.5492	21.9518	21.2396	20.4234	19.5147	18.5258	17.4693	16.3584	15.2065	14.0268	12.8327	11.6369	10.4521	9.29013	8.16238	7.07932	6.05059	5.08487	4.1898	3.37195	2.63674	1.98847	1.43027	0.964093	0.590759	0.309966	0.120334	0.0194581	0.00396492	0.0695889	0.211249	0.423137	0.698808	1.03128	1.41313	1.8366	2.29371	2.77633	3.27632	3.78562	4.29632	
312.729	312.343	311.186	309.266	306.592	303.182	299.054	294.233	288.745	282.623	275.9	268.615	260.809	252.525	243.809	234.709	225.273	215.552	205.598	195.463	185.198	174.855	164.486	154.14	143.867	133.715	123.727	113.949	104.421	95.18	86.2626	77.7006	69.5227	61.7546	54.418	47.5315	41.1098	35.1639	29.7013	24.7259	20.2382	16.235	12.71	9.65379	7.05389	4.8951	3.15964	1.82738	0.876111	0.281754	0.0186592	0.0598525	0.377313	0.942243	1.72534	2.69708	3.82794	5.0887	6.45066	7.88587	9.36736	10.8693	12.3674	13.8385	15.2616	16.6172	17.8877	19.0577	20.1135	21.0439	21.8396	22.4934	23.0001	23.3568	23.5623	23.6175	23.5251	23.2894	22.9163	22.4131	21.7886	21.0525	20.2156	19.2894	18.2864	17.2191	16.1007	14.9444	13.7633	12.5707	11.3791	10.2011	9.04815	7.9315	6.86138	5.84718	4.89731	4.01917	3.21907	2.50219	1.87259	1.33315	0.885608	0.530578	0.267561	0.0949984	0.0103205	0.0100125	0.0896836	0.244148	0.467512	0.753264	1.09438	1.4834	1.91257	2.37391	2.85933	3.36072	3.87007	4.37956	
297.193	296.821	295.71	293.864	291.296	288.019	284.054	279.422	274.152	268.272	261.817	254.824	247.332	239.383	231.021	222.292	213.245	203.928	194.391	184.683	174.855	164.958	155.039	145.149	135.334	125.64	116.111	106.788	97.7104	88.9153	80.4363	72.304	64.5461	57.1868	50.2469	43.7438	37.6912	32.0995	26.9753	22.322	18.1393	14.4238	11.169	8.36508	5.99954	4.05717	2.52028	1.36895	0.581231	0.133415	0.000290495	0.155396	0.571291	1.21982	2.07237	3.10016	4.27445	5.56683	6.94945	8.39522	9.87804	11.373	12.8566	14.3067	15.703	17.0269	18.2617	19.3927	20.4071	21.2943	22.0456	22.6546	23.1168	23.4296	23.5925	23.6068	23.4755	23.2034	22.7965	22.2626	21.6105	20.8501	19.9923	19.0487	18.0317	16.9539	15.8284	14.6682	13.4864	12.296	11.1095	9.93905	8.79612	7.69156	6.63539	5.63673	4.70375	3.84357	3.06224	2.36468	1.7547	1.23494	0.806902	0.470987	0.226493	0.0716789	0.00380931	0.0192223	0.113401	0.281052	0.516198	0.812261	1.16217	1.55845	1.99333	2.45884	2.94694	3.44955	3.95873	4.46672	
281.553	281.197	280.131	278.362	275.9	272.759	268.959	264.52	259.47	253.837	247.654	240.956	233.783	226.173	218.171	209.82	201.167	192.259	183.144	173.87	164.486	155.039	145.578	136.15	126.798	117.569	108.503	99.6404	91.0194	82.6747	74.6387	66.9406	59.6067	52.66	46.1202	40.0035	34.3228	29.0876	24.3038	19.974	16.0977	12.6709	9.68668	7.1352	5.00382	3.27735	1.9382	0.966648	0.341053	0.0380871	0.0329963	0.299855	0.811823	1.54141	2.46072	3.54173	4.75652	6.07752	7.47773	8.93096	10.412	11.8969	13.3629	14.7889	16.1555	17.4449	18.6412	19.7306	20.7011	21.5427	22.2476	22.8099	23.2257	23.493	23.6119	23.5839	23.4127	23.1032	22.6619	22.0967	21.4167	20.6318	19.7531	18.7922	17.7615	16.6736	15.5415	14.3781	13.1963	12.009	10.8284	9.66647	8.5345	7.44305	6.40187	5.41982	4.50478	3.6636	2.90206	2.22481	1.6354	1.13621	0.72852	0.412502	0.187248	0.0508281	0.000338696	0.0319687	0.141073	0.322252	0.569442	0.876002	1.23482	1.63839	2.07895	2.54855	3.03916	3.54278	4.05152	4.55771	
265.88	265.539	264.52	262.828	260.474	257.471	253.837	249.594	244.766	239.383	233.474	227.076	220.224	212.958	205.319	197.351	189.096	180.601	171.913	163.077	154.14	145.149	136.15	127.186	118.303	109.542	100.943	92.5445	84.383	76.4918	68.9015	61.6402	54.7326	48.2004	42.0623	36.3335	31.0258	26.1478	21.7047	17.6987	14.1284	10.9897	8.2753	5.97512	4.07649	2.56422	1.42086	0.626919	0.161053	0.000338699	0.120505	0.49618	1.10115	1.9086	2.89139	4.02228	5.27417	6.62036	8.03473	9.492	10.9679	12.4393	13.8845	15.2834	16.6172	17.8692	19.0243	20.0695	20.9936	21.7874	22.4437	22.9573	23.325	23.5453	23.6188	23.5475	23.3354	22.9878	22.5115	21.9147	21.2064	20.397	19.4975	18.5197	17.4757	16.3782	15.2401	14.0741	12.8932	11.7098	10.5361	9.38376	8.2638	7.18652	6.16141	5.19704	4.30101	3.47989	2.73915	2.0832	1.51528	1.03755	0.651026	0.355657	0.150325	0.0329078	0.000330122	0.0486305	0.173035	0.368037	0.627488	0.944687	1.31248	1.72334	2.16951	2.64306	3.136	3.64038	4.14839	4.65245	
250.243	249.918	248.946	247.332	245.086	242.221	238.755	234.709	230.106	224.974	219.342	213.245	206.718	199.798	192.525	184.94	177.087	169.008	160.749	152.354	143.867	135.334	126.798	118.303	109.889	101.598	93.4685	85.5361	77.8357	70.3992	63.2557	56.4318	49.9509	43.8336	38.0971	32.7558	27.8204	23.2987	19.1953	15.5116	12.2457	9.39318	6.94638	4.8951	3.22659	1.9257	0.975124	0.355599	0.0461225	0.0241883	0.266024	0.746833	1.44104	2.32256	3.36498	4.54189	5.82703	7.19459	8.61936	10.077	11.5441	12.9986	14.4196	15.788	17.0859	18.2975	19.4087	20.4071	21.2823	22.0261	22.6318	23.095	23.413	23.5849	23.6117	23.4961	23.2423	22.856	22.3443	21.7156	20.9791	20.1453	19.2252	18.2307	17.174	16.0676	14.9242	13.7566	12.5774	11.3989	10.2331	9.09142	7.98456	6.92256	5.91464	4.96905	4.09312	3.2931	2.57419	1.94049	1.39499	0.939567	0.575001	0.301	0.116235	0.0183876	0.00421001	0.0695889	0.209621	0.418695	0.690577	1.01851	1.39529	1.8134	2.26506	2.74238	3.23742	3.74228	4.24925	4.7508	
234.709	234.4	233.474	231.939	229.801	227.076	223.779	219.93	215.552	210.673	205.319	199.525	193.323	186.75	179.844	172.645	165.194	157.532	149.703	141.75	133.715	125.64	117.569	109.542	101.598	93.778	86.117	78.6503	71.4105	64.428	57.7305	51.343	45.2876	39.5836	34.247	29.2912	24.7259	20.5582	16.7918	13.4274	10.4629	7.89321	5.71056	3.90456	2.46239	1.36895	0.607108	0.157847	0.000517928	0.113051	0.472192	1.05374	1.83279	2.78396	3.88165	5.10025	6.41439	7.79914	9.23022	10.6842	12.1387	13.5726	14.9659	16.3005	17.5594	18.7276	19.792	20.741	21.5651	22.2567	22.8099	23.2209	23.4877	23.6099	23.5891	23.4283	23.1322	22.7068	22.1594	21.4987	20.7341	19.8761	18.9359	17.9253	16.8564	15.7418	14.594	13.4257	12.2492	11.0767	9.91996	8.79	7.69738	6.65181	5.66221	4.73653	3.88178	3.10392	2.40785	1.79736	1.27517	0.842892	0.501041	0.24909	0.085496	0.00774276	0.0124076	0.0952252	0.251164	0.474507	0.758942	1.09765	1.4834	1.90865	2.36566	2.84653	3.3434	3.84843	4.35398	4.85264	
219.342	219.049	218.171	216.713	214.685	212.099	208.971	205.319	201.167	196.54	191.465	185.973	180.096	173.87	167.331	160.518	153.468	146.224	138.825	131.312	123.727	116.111	108.503	100.943	93.4685	86.117	78.9231	71.9201	65.1389	58.6081	52.354	46.4	40.7671	35.4732	30.5332	25.9593	21.7604	17.9426	14.509	11.4597	8.79211	6.50074	4.57755	3.01202	1.79127	0.900314	0.322163	0.0380871	0.0278006	0.26969	0.74104	1.41826	2.27713	3.29301	4.4411	5.69664	7.03513	8.43256	9.8656	11.3118	12.7497	14.1591	15.5211	16.8184	18.035	19.157	20.1718	21.0689	21.8396	22.4769	22.9758	23.3331	23.5473	23.6188	23.5494	23.3427	23.0038	22.539	21.9559	21.2632	20.4707	19.589	18.6292	17.6031	16.5229	15.401	14.2498	13.0817	11.9091	10.7437	9.59712	8.4801	7.4029	6.37495	5.40483	4.5002	3.66774	2.91309	2.24085	1.65452	1.15651	0.748167	0.429752	0.200496	0.0586333	0.00145162	0.0253524	0.125919	0.297992	0.535752	0.832807	1.18229	1.57693	2.00919	2.47132	2.9555	3.45388	3.95873	4.46247	4.95783	
204.206	203.928	203.097	201.717	199.798	197.351	194.391	190.936	187.009	182.633	177.836	172.645	167.093	161.213	155.039	148.609	141.961	135.131	128.16	121.086	113.949	106.788	99.6404	92.5445	85.5361	78.6503	71.9201	65.3771	59.0504	52.9673	47.1522	41.6275	36.4124	31.5237	26.9753	22.7781	18.9403	15.4671	12.3608	9.62096	7.24451	5.22562	3.556	2.22499	1.21971	0.525242	0.124805	4.44486e-05	0.130794	0.49618	1.07395	1.84116	2.77426	3.8494	5.04257	6.32988	7.68774	9.09306	10.5235	11.9574	13.3746	14.7556	16.0826	17.3391	18.5103	19.583	20.5456	21.3884	22.1034	22.6846	23.1275	23.4296	23.5901	23.6098	23.4911	23.2381	22.856	22.3517	21.7329	21.0086	20.1886	19.2836	18.3049	17.2642	16.1735	15.0453	13.8917	12.7251	11.5575	10.4004	9.26521	8.16238	7.10183	6.0927	5.14325	4.26081	3.45174	2.72135	2.07393	1.51267	1.03969	0.656049	0.361754	0.155792	0.0361755	6.67558e-06	0.0434719	0.162044	0.350424	0.602694	0.912387	1.27258	1.67599	2.11506	2.58208	3.06925	3.56881	4.07307	4.57459	5.06618	
189.358	189.096	188.311	187.009	185.198	182.889	180.096	176.838	173.134	169.008	164.486	159.595	154.365	148.828	143.018	136.969	130.717	124.299	117.752	111.113	104.421	97.7104	91.0194	84.383	77.8357	71.4105	65.1389	59.0504	53.1728	47.5315	42.1497	37.048	32.2445	27.7548	23.5914	19.7644	16.2809	13.1454	10.3595	7.9222	5.82991	4.07649	2.65342	1.54993	0.753145	0.248244	0.0186592	0.046258	0.311544	0.793868	1.47164	2.32256	3.3238	4.45227	5.68481	6.99839	8.37033	9.77848	11.2014	12.6187	14.0107	15.3593	16.6475	17.8599	18.9825	20.003	20.9107	21.6968	22.3542	22.8773	23.2627	23.5084	23.6141	23.5812	23.4127	23.113	22.6877	22.1438	21.4896	20.7341	19.8872	18.9597	17.9629	16.9084	15.8084	14.6749	13.5202	12.3562	11.1949	10.0474	8.9249	7.83752	6.79491	5.80584	4.87826	4.01917	3.23458	2.52949	1.90786	1.37255	0.925415	0.567207	0.297674	0.115559	0.0186524	0.00384502	0.0671888	0.203968	0.408774	0.675591	0.997881	1.36868	1.78067	2.22632	2.69793	3.18775	3.68809	4.19135	4.69019	5.17754	
174.855	174.609	173.87	172.645	170.941	168.768	166.141	163.077	159.595	155.716	151.466	146.872	141.961	136.763	131.312	125.64	119.781	113.77	107.643	101.434	95.18	88.9153	82.6747	76.4918	70.3992	64.428	58.6081	52.9673	47.5315	42.3248	37.3687	32.6824	28.2828	24.1841	20.3978	16.9329	13.7957	10.9897	8.51606	6.37312	4.55684	3.06076	1.87617	0.9922	0.395985	0.0728404	0.00642543	0.178934	0.571291	1.16336	1.93413	2.86196	3.92477	5.10025	6.36608	7.70011	9.08059	10.4863	11.8969	13.2927	14.6553	15.9674	17.2131	18.3778	19.4486	20.4141	21.2644	21.9916	22.5893	23.0529	23.3793	23.5674	23.6175	23.5315	23.3128	22.9662	22.4977	21.9147	21.2254	20.4392	19.5662	18.617	17.6031	16.536	15.4277	14.2903	13.1356	11.9757	10.8219	9.68541	8.5769	7.50631	6.48292	5.51518	4.61069	3.7761	3.01709	2.33832	1.74342	1.23494	0.81441	0.48232	0.238143	0.0803774	0.00659204	0.0134792	0.0969184	0.252047	0.473338	0.754682	1.08947	1.47071	1.89106	2.34299	2.81885	3.31093	3.81162	4.31342	4.80909	5.29168	
160.749	160.518	159.825	158.676	157.077	155.039	152.576	149.703	146.44	142.806	138.825	134.523	129.926	125.064	119.967	114.666	109.194	103.585	97.8702	92.085	86.2626	80.4363	74.6387	68.9015	63.2557	57.7305	52.354	47.1522	42.1497	37.3687	32.8293	28.5494	24.5444	20.8274	17.4089	14.2968	11.4964	9.01065	6.83988	4.98196	3.43243	2.18453	1.22936	0.555966	0.151537	0.00152864	0.0898472	0.399033	0.910448	1.60448	2.46072	3.45821	4.57561	5.79141	7.08414	8.43256	9.81582	11.2137	12.6067	13.9764	15.3051	16.5767	17.7761	18.8898	19.9057	20.8134	21.604	22.2702	22.8065	23.2089	23.4752	23.6049	23.5987	23.4591	23.19	22.7965	22.2851	21.6633	20.9397	20.1236	19.2252	18.2555	17.2255	16.1471	15.0318	13.8917	12.7385	11.5839	10.4392	9.31507	8.22198	7.16955	6.16671	5.22158	4.3414	3.53247	2.80013	2.14868	1.58141	1.10058	0.707403	0.402071	0.183795	0.0508281	0.000517923	0.0293605	0.133066	0.306628	0.544403	0.840194	1.18733	1.57878	2.0072	2.46508	2.94479	3.43871	3.93928	4.43912	4.9311	5.40841	
147.088	146.872	146.224	145.149	143.655	141.75	139.448	136.763	133.715	130.321	126.605	122.59	118.303	113.77	109.021	104.086	98.994	93.778	88.4691	83.0994	77.7006	72.304	66.9406	61.6402	56.4318	51.343	46.4	41.6275	37.048	32.6824	28.5494	24.6653	21.0445	17.6987	14.6373	11.8673	9.39318	7.21709	5.33871	3.75544	2.46239	1.45254	0.716808	0.244213	0.0219881	0.0357559	0.26969	0.706695	1.32859	2.11629	3.05002	4.10951	5.27417	6.5233	7.8363	9.19281	10.5729	11.9574	13.3278	14.6664	15.9569	17.1838	18.3333	19.3927	20.3508	21.1981	21.9266	22.5299	23.0031	23.3431	23.5483	23.6187	23.5558	23.3625	23.043	22.6029	22.049	21.3891	20.6318	19.7868	18.8642	17.875	16.8303	15.7418	14.621	13.4797	12.3295	11.1817	10.0474	8.9372	7.86098	6.82811	5.84718	4.92595	4.0713	3.28918	2.58456	1.96141	1.42267	0.970277	0.605133	0.327149	0.135263	0.0274867	0.000945798	0.0519433	0.176022	0.368037	0.622234	0.932331	1.29161	1.69299	2.12915	2.59258	3.07571	3.57098	4.07092	4.56827	5.05601	5.52747	
133.916	133.715	133.111	132.109	130.717	128.942	126.798	124.299	121.461	118.303	114.846	111.113	107.129	102.919	98.5112	93.933	89.2137	84.383	79.471	74.5075	69.5227	64.5461	59.6067	54.7326	49.9509	45.2876	40.7671	36.4124	32.2445	28.2828	24.5444	21.0445	17.796	14.8095	12.0934	9.65379	7.49424	5.61617	4.01869	2.69869	1.65093	0.868125	0.341053	0.0586998	0.0083819	0.175907	0.545734	1.10115	1.82444	2.69708	3.69993	4.81341	6.01771	7.29294	8.61936	9.97754	11.3485	12.714	14.0564	15.3593	16.6071	17.7854	18.8813	19.8831	20.7806	21.5651	22.2294	22.768	23.1767	23.4532	23.5965	23.6072	23.4873	23.2402	22.8706	22.3844	21.7886	21.0913	20.3014	19.4285	18.483	17.4757	16.4177	15.3205	14.1957	13.0548	11.9091	10.7698	9.64754	8.55266	7.49479	6.48292	5.52526	4.62923	3.80133	3.04715	2.3713	1.77739	1.26802	0.844809	0.508341	0.258239	0.0931773	0.010921	0.0083805	0.0816678	0.226163	0.436587	0.707079	1.03128	1.40242	1.8134	2.25689	2.72543	3.2115	3.7076	4.20637	4.70066	5.18358	5.64861	
121.273	121.086	120.525	119.596	118.303	116.656	114.666	112.347	109.715	106.788	103.585	100.127	96.4391	92.5445	88.4691	84.2397	79.8836	75.4288	70.9035	66.3361	61.7546	57.1868	52.66	48.2004	43.8336	39.5836	35.4732	31.5237	27.7548	24.1841	20.8274	17.6987	14.8095	12.1694	9.78578	7.66365	5.80592	4.21328	2.88427	1.8153	1.0008	0.433244	0.103305	4.44486e-05	0.110616	0.4213	0.91677	1.58071	2.39589	3.34437	4.40764	5.56683	6.80291	8.09682	9.42969	10.783	12.1387	13.4795	14.7889	16.0512	17.252	18.3778	19.4167	20.3579	21.1921	21.9114	22.5097	22.982	23.325	23.5371	23.6179	23.5685	23.3916	23.0909	22.6716	22.1399	21.5032	20.7696	19.9482	19.0487	18.0816	17.0577	15.9879	14.8838	13.7566	12.6177	11.4781	10.3489	9.24032	8.16238	7.12438	6.13494	5.20195	4.33241	3.53247	2.80734	2.16127	1.59751	1.11832	0.724978	0.41777	0.196027	0.0581583	0.00168807	0.0233126	0.118957	0.283845	0.512566	0.79916	1.1372	1.51986	1.94005	2.39043	2.86359	3.35206	3.84843	4.34545	4.83607	5.31356	5.77154	
109.194	109.021	108.503	107.643	106.447	104.925	103.085	100.943	98.5112	95.808	92.8517	89.6627	86.2626	82.6747	78.9231	75.033	71.03	66.9406	62.7911	58.6081	54.418	50.2469	46.1202	42.0623	38.0971	34.247	30.5332	26.9753	23.5914	20.3978	17.4089	14.6373	12.0934	9.78578	7.72064	5.90224	4.33269	3.01202	1.9382	1.10723	0.513217	0.148433	0.00345644	0.0672802	0.327447	0.770196	1.38061	2.1428	3.04003	4.05493	5.16966	6.36608	7.62592	8.93096	10.2632	11.6051	12.9395	14.25	15.5211	16.7382	17.8877	18.9573	19.9358	20.8134	21.5818	22.234	22.7645	23.1692	23.4455	23.5925	23.6104	23.501	23.2672	22.9135	22.4452	21.8689	21.1922	20.4234	19.5719	18.6474	17.6602	16.6213	15.5415	14.4321	13.3042	12.1691	11.0374	9.91996	8.82672	7.76733	6.75074	5.78522	4.87826	4.03651	3.26572	2.57074	1.95542	1.42267	0.974411	0.611581	0.334158	0.141189	0.0308168	0.000330122	0.0462149	0.164215	0.3494	0.596238	0.898676	1.25022	1.64401	2.07295	2.52972	3.00695	3.49724	3.99328	4.48792	4.97425	5.44567	5.89598	
97.7104	97.5508	97.0732	96.281	95.18	93.778	92.085	90.1132	87.8767	85.3914	82.6747	79.7459	76.6254	73.335	69.8974	66.3361	62.6753	58.9396	55.1539	51.343	47.5315	43.7438	40.0035	36.3335	32.7558	29.2912	25.9593	22.7781	19.7644	16.9329	14.2968	11.8673	9.65379	7.66365	5.90224	4.37294	3.07712	2.01416	1.18154	0.574857	0.187918	0.0128277	0.0400965	0.258759	0.656505	1.21982	1.93413	2.78396	3.75312	4.82481	5.98187	7.20688	8.48236	9.79093	11.1155	12.4393	13.7463	15.021	16.2488	17.4161	18.5103	19.52	20.435	21.2464	21.9468	22.5299	22.9911	23.3271	23.536	23.6175	23.5724	23.4031	23.113	22.7068	22.1903	21.5705	20.8551	20.0527	19.1725	18.2245	17.2191	16.1669	15.0789	13.966	12.8394	11.7098	10.5879	9.48397	8.40777	7.36856	6.37495	5.43482	4.55528	3.74259	3.00212	2.33832	1.7547	1.25379	0.837154	0.505414	0.258239	0.0943893	0.0117481	0.00737105	0.0775391	0.21782	0.423137	0.687843	1.0058	1.37044	1.77491	2.21209	2.67469	3.1554	3.64688	4.14194	4.63355	5.11492	5.57962	6.0216	
86.847	86.7007	86.2626	85.5361	84.5266	83.2413	81.6899	79.8836	77.8357	75.5611	73.0763	70.3992	67.549	64.5461	61.4118	58.1681	54.8377	51.4435	48.0087	44.5564	41.1098	37.6912	34.3228	31.0258	27.8204	24.7259	21.7604	18.9403	16.2809	13.7957	11.4964	9.39318	7.49424	5.80592	4.33269	3.07712	2.03985	1.21971	0.613673	0.216973	0.0231592	0.0241883	0.210532	0.571291	1.09432	1.76638	2.57324	3.4999	4.53066	5.64937	6.8395	8.0844	9.36736	10.6719	11.9816	13.2809	14.5545	15.788	16.9676	18.0807	19.1157	20.0621	20.9107	21.6534	22.2836	22.7961	23.1868	23.4532	23.5943	23.6101	23.5022	23.2734	22.9275	22.4698	21.9064	21.2443	20.4917	19.6571	18.7501	17.7805	16.7586	15.6951	14.6008	13.4864	12.3629	11.2409	10.1306	9.04197	7.98456	6.9672	5.99814	5.08487	4.23412	3.45174	2.74272	2.11113	1.56009	1.09177	0.707403	0.407269	0.190735	0.0562783	0.00152859	0.0233126	0.117712	0.280125	0.505334	0.787585	1.12066	1.49795	1.91257	2.35741	2.82523	3.30877	3.80079	4.29419	4.78206	5.25778	5.71507	6.14805	
76.6254	76.4918	76.0919	75.4288	74.5075	73.335	71.9201	70.2735	68.4075	66.3361	64.0747	61.6402	59.0504	56.3245	53.4822	50.5442	47.5315	44.4656	41.3681	38.2604	35.1639	32.0995	29.0876	26.1478	23.2987	20.5582	17.9426	15.4671	13.1454	10.9897	9.01065	7.21709	5.61617	4.21328	3.01202	2.01416	1.21971	0.626919	0.23233	0.0308352	0.0157567	0.178934	0.510826	1.00062	1.63638	2.40512	3.29301	4.28551	5.36745	6.5233	7.73723	8.9933	10.2756	11.5685	12.8566	14.1249	15.3593	16.5462	17.6729	18.7276	19.6998	20.5797	21.3592	22.031	22.5893	23.0297	23.349	23.5453	23.6183	23.5685	23.3982	23.1105	22.7099	22.2018	21.5928	20.89	20.1018	19.2369	18.3049	17.3156	16.2793	15.2065	14.1079	12.9942	11.8758	10.7633	9.66647	8.59509	7.55823	6.56441	5.62147	4.73653	3.91591	3.16507	2.4886	1.89018	1.37255	0.937538	0.586008	0.317924	0.13235	0.0274867	0.00071186	0.0486305	0.167131	0.35145	0.596238	0.89564	1.24336	1.63277	2.05696	2.50884	2.98121	3.46689	3.95873	4.44974	4.93316	5.40251	5.85168	6.27498	
67.0619	66.9406	66.5774	65.9753	65.1389	64.0747	62.7911	61.2979	59.6067	57.7305	55.6838	53.4822	51.1425	48.6823	46.1202	43.4752	40.7671	38.0157	35.241	32.463	29.7013	26.9753	24.3038	21.7047	19.1953	16.7918	14.509	12.3608	10.3595	8.51606	6.83988	5.33871	4.01869	2.88427	1.9382	1.18154	0.613673	0.23233	0.0336423	0.0122014	0.161135	0.472192	0.935848	1.54141	2.27713	3.13036	4.08766	5.13493	6.2576	7.44073	8.6692	9.9278	11.2014	12.4752	13.7347	14.9659	16.1555	17.2908	18.36	19.3525	20.2583	21.0689	21.7769	22.3758	22.8608	23.2281	23.4752	23.6012	23.606	23.4911	23.259	22.9135	22.4593	21.9022	21.2491	20.5074	19.6854	18.7922	17.8372	16.8303	15.7818	14.7019	13.6012	12.4902	11.3791	10.2781	9.19681	8.14453	7.13002	6.16141	5.24617	4.39101	3.60183	2.88372	2.24085	1.67651	1.19308	0.791997	0.473807	0.238143	0.0837717	0.00862104	0.00982419	0.0837705	0.226163	0.432083	0.69606	1.01214	1.37399	1.77491	2.20802	2.66625	3.14246	3.62953	4.12044	4.60831	5.08652	5.54875	5.98908	6.402	
58.1681	58.0585	57.7305	57.1868	56.4318	55.4714	54.3135	52.9673	51.4435	49.7542	47.913	45.9342	43.8336	41.6275	39.3331	36.9681	34.5508	32.0995	29.6327	27.1688	24.7259	22.322	19.974	17.6987	15.5116	13.4274	11.4597	9.62096	7.9222	6.37312	4.98196	3.75544	2.69869	1.8153	1.10723	0.574857	0.216973	0.0308352	0.0122014	0.155396	0.453385	0.897858	1.47933	2.18725	3.01011	3.93557	4.95061	6.04162	7.19459	8.39522	9.62906	10.8817	12.1387	13.3862	14.6105	15.7986	16.9379	18.0167	19.0243	19.9508	20.7872	21.5259	22.1601	22.6846	23.095	23.3884	23.5632	23.6187	23.5558	23.3764	23.0835	22.6813	22.1749	21.5705	20.8751	20.0964	19.2428	18.3234	17.3477	16.3255	15.2669	14.1822	13.0817	11.9757	10.874	9.78663	8.72283	7.69156	6.7012	5.75949	4.87351	4.04954	3.2931	2.60884	2.00057	1.47116	1.02263	0.656049	0.371623	0.16867	0.0456617	0.000260069	0.0293605	0.129144	0.295137	0.522275	0.804972	1.1372	1.51255	1.92433	2.36566	2.82949	3.30877	3.79646	4.28563	4.76956	5.24178	5.69614	6.12688	6.5287	
49.9509	49.8525	49.5581	49.0702	48.3928	47.5315	46.4936	45.2876	43.9235	42.4125	40.7671	39.0008	37.128	35.1639	33.1243	31.0258	28.8849	26.7188	24.5444	22.3786	20.2382	18.1393	16.0977	14.1284	12.2457	10.4629	8.79211	7.24451	5.82991	4.55684	3.43243	2.46239	1.65093	1.0008	0.513217	0.187918	0.0231592	0.0157567	0.161135	0.453385	0.885343	1.44867	2.13395	2.93079	3.82794	4.81341	5.87459	6.99839	8.17136	9.37983	10.6101	11.8483	13.0812	14.2953	15.4781	16.6172	17.7011	18.719	19.661	20.5181	21.2823	21.9468	22.5056	22.9542	23.2892	23.5084	23.6106	23.5961	23.4661	23.2231	22.8706	22.4131	21.8563	21.2064	20.4707	19.6571	18.7742	17.8309	16.8369	15.8017	14.7356	13.6485	12.5506	11.4517	10.3618	9.29013	8.24587	7.23753	6.27312	5.35999	4.50478	3.71339	2.99092	2.34161	1.76886	1.27517	0.86217	0.530578	0.280261	0.110223	0.0186524	0.00294956	0.0597802	0.185126	0.374344	0.622234	0.923106	1.27085	1.65904	2.08095	2.52972	2.99837	3.4799	3.96737	4.45398	4.93316	5.39857	5.84427	6.26467	6.65467	
