# Created by Octave 4.0.0, Sat Jul 08 21:20:19 2017 CST <peo@peo-curious>
# name: hell
# type: matrix
# ndims: 3
 3 3 3
 1
 4
 7
 2
 5
 8
 3
 6
 9
 1
 1
 1
 1
 1
 1
 1
 1
 1
 1
 1
 1
 1
 1
 1
 1
 1
 1


